Init Matrix
  3.920	  3.566	 -0.973	  3.757	
  2.498	  1.270	 -4.074	  4.333	
 -4.595	  4.042	 -4.739	  1.373	
  2.887	 -1.810	 -2.039	 -4.180	
  0.617	  4.876	  1.243	 -4.094	

Shift Matrix
 -0.973	  3.757	  3.920	  3.566	
 -4.074	  4.333	  2.498	  1.270	
 -4.739	  1.373	 -4.595	  4.042	
 -2.039	 -4.180	  2.887	 -1.810	
  1.243	 -4.094	  0.617	  4.876	

Shift: 2 Axis:1
